function [propiedad]=k_agua (T)
    propiedad = 0.00000000019 * T^4 - 0.00000004103 * T^3 - 0.00000651270 * T^2 + 0.00205567215 * T + 0.56047218000;
end
