function [propiedad]=mu_agua (T)
    propiedad = 0.000000000012 * T^4 - 0.000000004791 * T^3 + 0.000000700104 * T^2 - 0.000049025590 * T + 0.001755464244;
end