function [propiedad]=Pr_agua (T)
    propiedad = 0.000000109 * T^4 - 0.000042084 * T^3 + 0.006037200 * T^2 - 0.405059721 * T + 13.160976866;
end
