function [propiedad]= cp_agua (T)
    propiedad = 0.0000011 * T^4 - 0.0003552 * T^3 + 0.0483392 * T^2 - 2.3740501 * T + 4214.7888210;
end
