function [propiedad]=d_agua (T)
    propiedad = -0.000000053 * T^4 + 0.000023127 * T^3 - 0.006157953 * T^2 + 0.017304951 * T + 1000.004833269;
end
